-0.050904
-0.047321
-0.082279
-0.066899
-0.046086
-0.05629
-0.064872
-0.081621
-0.054839
-0.032089
-0.052615
-0.062793
-0.064624
-0.084802
-0.077551
-0.060324
-0.07429
-0.064776
-0.067558
-0.052373
-0.065055
-0.076704
-0.033976
-0.067515
-0.049515
-0.070766
-0.041204
-0.047336
-0.06106
-0.070714
-0.054896
-0.035637
-0.06368
-0.059778
-0.04439
-0.042943
-0.051159
-0.062478
-0.069159
-0.051778
-0.028224
-0.045713
-0.035305
-0.040568
-0.025066
-0.028352
-0.0093799
-0.059984
-0.019492
-0.042639
-0.019767
-0.05402
-0.017334
-0.031864
-0.0050896
-0.044312
-0.015369
-0.061411
-0.026942
-0.046803
-0.019071
-0.032516
-0.041857
-0.048033
-0.034485
-0.034934
-0.035256
-0.032983
-0.036679
-0.033951
-0.07031
-0.038106
-0.054517
-0.032312
-0.036552
-0.01979
-0.042856
-0.059311
-0.043753
-0.045091
-0.021437
-0.0041866
0.015483
0.017097
0.0015879
-0.02962
0.0080391
-0.01732
-0.019406
-0.0032892
-0.012962
-0.024824
-0.053367
-0.02237
-0.026541
-0.030076
-0.058648
-0.027101
-0.043565
-0.071945
0.010843
-0.05892
-0.052039
-0.061347
-0.02984
-0.017585
-0.020442
-0.022977
-0.054286
-0.0457
-0.029869
-0.019458
0.0021044
0.034074
-0.057308
-0.029383
-0.044353
-0.037206
-0.050728
-0.038744
-0.071498
-0.046494
-0.072859
-0.061393
-0.047874
-0.055887
-0.064956
-0.053673
-0.070631
-0.048401
-0.041288
-0.056234
-0.037562
-0.043111
-0.078019
-0.063189
-0.073891
-0.055019
-0.058801
-0.060092
-0.070409
-0.061224
-0.079334
-0.057184
-0.058747
-0.063101
-0.075637
-0.056301
-0.046494
-0.066328
-0.058835
-0.048939
-0.07065
-0.038101
-0.060438
-0.053254
-0.06948
-0.079785
-0.071791
-0.050123
